205968868964446243769858529759602243513
88140778103769665125156188028733008500
65632299485635998173393205398896215996
173147050430553848553565161311621655916
198208714850286871648308926651164189892
24143141112080848145913303035941697837
302538367970577640095461872670634356818
145932112067226517833533897007549621482
242043432489740160165156083251369155954
108195516639660481899032221598647124101
5809225692755681200284417973293965904
42040408544272063689206148003165235705
171952189368972503216367609079900404015